OPERATOR_ID=0.0.7103057
OPERATOR_KEY_PRIVATE=3030020100300706052b8104000a04220420455d0d08e819e71b576a74a54bb7bae9727f1ab768fb12ce00f54946dda193c3
TOPIC_ID=0.0.7116561